60

23 22 450
22 24 99
22 49 230
49 50 270
50 51 120
50 21 0
21 52 70
52 2 85
1 2 75
21 20 180
20 25 70
25 49 260
25 26 150
26 27 52
27 30 150
30 17 50
20 19 120
19 18 80
18 17 130
27 19 54
18 11 10
11 52 220
26 41 900
41 40 70
40 42 500
40 39 650
41 36 350
2 3 58
3 4 140
4 5 0
5 12 160
12 10 72
10 11 46
10 3 270
17 13 100
13 12 160
13 14 53
14 8 20
8 9 210
9 7 130
7 6 52
6 8 240
5 6 270
30 31 60
31 32 55
32 17 58
32 33 140
33 34 36
34 31 210
34 36 220
57 56 110
58 33 70
14 15 50
15 16 60
9 43 260
43 59 61
43 44 200
56 44 100
44 45 210
45 60 67
59 60 400
36 53 100
53 37 50
37 38 120
38 39 80
37 46 130
46 47 180
47 38 140
46 54 87
46 45 300
47 48 280
48 60 140
39 48 650
54 57 85



57 58 160
58 14 230
53 54 210
54 55 110
55 56 80
56 15 350